NACA 2809
    1.000000      0.9450077E-03
   0.9925012      0.3280717E-02
   0.9809607      0.6523236E-02
   0.9680934      0.9931880E-02
   0.9550012      0.1321143E-01
   0.9420981      0.1624328E-01
   0.9291975      0.1891112E-01
   0.9159126      0.2139913E-01
   0.9025322      0.2375489E-01
   0.8890680      0.2596080E-01
   0.8755634      0.2804524E-01
   0.8620160      0.2999422E-01
   0.8483966      0.3184575E-01
   0.8347847      0.3358403E-01
   0.8210951      0.3522908E-01
   0.8074238      0.3678797E-01
   0.7937660      0.3823130E-01
   0.7800168      0.3958889E-01
   0.7662480      0.4088054E-01
   0.7525035      0.4209184E-01
   0.7387840      0.4320941E-01
   0.7250427      0.4422534E-01
   0.7111686      0.4518133E-01
   0.6972318      0.4613251E-01
   0.6833376      0.4706409E-01
   0.6694418      0.4795073E-01
   0.6554836      0.4882034E-01
   0.6415671      0.4967323E-01
   0.6276844      0.5048073E-01
   0.6137400      0.5125772E-01
   0.5998010      0.5202039E-01
   0.5859225      0.5274233E-01
   0.5720070      0.5341976E-01
   0.5580520      0.5407872E-01
   0.5441575      0.5470734E-01
   0.5302746      0.5528286E-01
   0.5163302      0.5582517E-01
   0.5024123      0.5634345E-01
   0.4885514      0.5680884E-01
   0.4746430      0.5722160E-01
   0.4607079      0.5760692E-01
   0.4468426      0.5794814E-01
   0.4329759      0.5822395E-01
   0.4190489      0.5845748E-01
   0.4051696      0.5865316E-01
   0.3913400      0.5877867E-01
   0.3774494      0.5884064E-01
   0.3635634      0.5886162E-01
   0.3497570      0.5881379E-01
   0.3359139      0.5868383E-01
   0.3220384      0.5850122E-01
   0.3082518      0.5825074E-01
   0.2944601      0.5790318E-01
   0.2806166      0.5748617E-01
   0.2668641      0.5699596E-01
   0.2531271      0.5639385E-01
   0.2393360      0.5570474E-01
   0.2256465      0.5492849E-01
   0.2119713      0.5402128E-01
   0.1982609      0.5301128E-01
   0.1846761      0.5188746E-01
   0.1710743      0.5060854E-01
   0.1575084      0.4921139E-01
   0.1440675      0.4765161E-01
   0.1306054      0.4591724E-01
   0.1173071      0.4401873E-01
   0.1040535      0.4189323E-01
   0.9095779E-01  0.3956895E-01
   0.7803492E-01  0.3697554E-01
   0.6532952E-01  0.3410496E-01
   0.5295580E-01  0.3092601E-01
   0.4112945E-01  0.2737412E-01
   0.2998573E-01  0.2346382E-01
   0.2039012E-01  0.1938179E-01
   0.1290035E-01  0.1533842E-01
   0.7757948E-02  0.1187954E-01
   0.4493727E-02  0.8942872E-02
   0.2391985E-02  0.6478631E-02
   0.1124259E-02  0.4335273E-02
   0.4093700E-03  0.2444770E-02
   0.4431661E-04  0.8119635E-03
   0.9986251E-04 -0.6766471E-03
   0.9074279E-03 -0.2049371E-02
   0.2488405E-02 -0.3145670E-02
   0.4768705E-02 -0.4187499E-02
   0.8088547E-02 -0.5382346E-02
   0.1339158E-01 -0.6934766E-02
   0.2214783E-01 -0.9225996E-02
   0.3410948E-01 -0.1214220E-01
   0.4699339E-01 -0.1504800E-01
   0.6007096E-01 -0.1776290E-01
   0.7328545E-01 -0.2027434E-01
   0.8649181E-01 -0.2255508E-01
   0.9989378E-01 -0.2466857E-01
   0.1132408     -0.2659833E-01
   0.1266759     -0.2833936E-01
   0.1401261     -0.2990965E-01
   0.1536875     -0.3131702E-01
   0.1673107     -0.3260866E-01
   0.1809566     -0.3376725E-01
   0.1946757     -0.3483454E-01
   0.2082212     -0.3576691E-01
   0.2217522     -0.3650085E-01
   0.2354514     -0.3709958E-01
   0.2491631     -0.3759300E-01
   0.2629136     -0.3797478E-01
   0.2766940     -0.3827161E-01
   0.2903987     -0.3846152E-01
   0.3041696     -0.3853281E-01
   0.3180365     -0.3853839E-01
   0.3318145     -0.3847676E-01
   0.3455652     -0.3830612E-01
   0.3594103     -0.3805044E-01
   0.3732382     -0.3773529E-01
   0.3870268     -0.3733572E-01
   0.4008977     -0.3685947E-01
   0.4147979     -0.3634381E-01
   0.4286241     -0.3577609E-01
   0.4424537     -0.3513233E-01
   0.4563429     -0.3443155E-01
   0.4702354     -0.3369104E-01
   0.4841436     -0.3290845E-01
   0.4981027     -0.3209984E-01
   0.5120552     -0.3128050E-01
   0.5259862     -0.3044009E-01
   0.5399255     -0.2957848E-01
   0.5537857     -0.2869377E-01
   0.5675246     -0.2773901E-01
   0.5813075     -0.2668311E-01
   0.5952216     -0.2557232E-01
   0.6091062     -0.2444678E-01
   0.6229161     -0.2327328E-01
   0.6367934     -0.2204098E-01
   0.6507049     -0.2079583E-01
   0.6645550     -0.1953457E-01
   0.6783935     -0.1822091E-01
   0.6922881     -0.1687793E-01
   0.7061866     -0.1554832E-01
   0.7200372     -0.1425054E-01
   0.7338202     -0.1302018E-01
   0.7476753     -0.1184361E-01
   0.7615400     -0.1065353E-01
   0.7754050     -0.9445084E-02
   0.7892205     -0.8294085E-02
   0.8031218     -0.7177979E-02
   0.8170401     -0.6064851E-02
   0.8309423     -0.4982822E-02
   0.8448332     -0.3900559E-02
   0.8586627     -0.2817247E-02
   0.8723895     -0.1836093E-02
   0.8861952     -0.8964762E-03
   0.8998436      0.8711724E-04
   0.9128495      0.8460048E-03
   0.9255934      0.1098982E-02
   0.9389975      0.9771794E-03
   0.9526725      0.7805295E-03
   0.9662084      0.4309094E-03
   0.9796095     -0.1003788E-03
   0.9920024     -0.6699145E-03
    1.000000     -0.9450077E-03
